1 1
2 2
4 4
8 8
16 16
32 32
64 64
128 128
256 256
512 512
1024 1024
2048 2048
4096 4096
8192 8192
16384 16384
32768 32768
2048 65536
1024 67584
256 68608
64 68864
16 68928
2 68944
1 68946
16 4
512 20
4096 532
16384 4628
68947 21012
68947 89959
68947 158906
68947 227853
68947 296800
68947 365747
68947 434694
68947 503641
68947 572588
8 2
128 10
256 138
1024 394
2048 1418
8192 3466
641535 11658
8 1
20 9
32 29
16384 61
227853 16445
653193 244298
653193 897491
20 4
32 24
532 56
2048 588
8192 2636
158906 10828
653193 169734
1550684 822927
2 1
4 3
32 7
394 39
1418 433
16445 1851
32768 18296
503641 51064
897491 554705
2373611 1452196
64 4
138 68
65536 206
296800 65742
3825807 362542
1024 8
8192 1032
4188349 9224
588 8
227853 596
1550684 228449
4197573 1779133
138 9
4628 147
21012 4775
5976706 25787
433 32
4775 465
296800 5240
6002493 302040
64 3
256 67
1032 323
18296 1355
68947 19651
6304533 88598
4 1
147 5
1851 152
32768 2003
503641 34771
6393131 538412
1024 5
25787 1029
1550684 26816
6931543 1577500
152 16
596 168
5240 764
434694 6004
8509043 440698
256 39
2636 295
11658 2931
169734 14589
8949741 184323
32 1
168 33
21012 201
244298 21213
9134064 265511
138 7
4096 145
51064 4241
89959 55305
897491 145264
9399575 1042755
16445 256
365747 16701
10442330 382448
10 2
2048 12
265511 2060
10824778 267571
39 3
1355 42
267571 1397
11092349 268968
256 33
2060 289
11658 2349
89959 14007
653193 103966
11361317 757159
20 3
68 23
1851 91
21213 1942
1452196 23155
12118476 1475351
68 16
3466 84
51064 3550
302040 54614
13593827 356654
295 12
1032 307
34771 1339
103966 36110
13950481 140076
1032 152
267571 1184
1042755 268755
14090557 1311510
11658 588
302040 12246
15402067 314286
39 1
9224 40
55305 9264
653193 64569
2373611 717762
15716353 3091373
2349 1
26816 2350
897491 29166
18807726 926657
1184 145
12246 1329
653193 13575
19734383 666768
24 3
91 27
21012 118
382448 21130
20401151 403578
5 1
91 6
2636 97
68947 2733
2373611 71680
20804729 2445291
24 1
1418 25
6004 1443
55305 7447
440698 62752
23250020 503450
323 1
14589 324
403578 14913
23753470 418491
307 7
4775 314
641535 5089
24171961 646624
20 2
1032 22
757159 1054
24818585 758213
16 3
1054 19
9264 1073
184323 10337
25576798 194660
29 1
2060 30
717762 2090
25771458 719852
68 1
11658 69
36110 11727
666768 47837
26491310 714605
97 10
596 107
55305 703
27205915 56008
69 1
14589 70
268968 14659
27261923 283627
27 1
168 28
4241 196
158906 4437
1042755 163343
27545550 1206098
152 8
5240 160
36110 5400
1206098 41510
28751648 1247608
324 24
3550 348
169734 3898
29999256 173632
128 3
1184 131
41510 1315
572588 42825
30172888 615413
256 4
2350 260
68947 2610
30788301 71557
11658 9
89959 11667
926657 101626
30859858 1028283
307 3
2931 310
42825 3241
926657 46066
31888141 972723
16 1
1355 17
46066 1372
822927 47438
32860864 870365
12 1
206 13
4775 219
382448 4994
33731229 387442
128 2
3241 130
314286 3371
34118671 317657
160 4
14913 164
719852 15077
34436328 734929
1372 2
6004 1374
184323 7378
35171257 191701
131 5
2090 136
29166 2226
103966 31392
35362958 135358
11667 3
387442 11670
35498316 399112
168 17
6004 185
387442 6189
35897428 393631
2733 185
71680 2918
1042755 74598
36291059 1117353
703 28
666768 731
37408412 667499
10 1
295 11
23155 306
758213 23461
38075911 781674
13 2
168 15
14007 183
103966 14190
38857585 118156
107 8
2931 115
667499 3046
38975741 670545
1339 10
18296 1349
1452196 19645
39646286 1471841
324 10
1443 334
65742 1777
1311510 67519
41118127 1379029
206 2
7447 208
418491 7655
1779133 426146
42497156 2205279
348 4
31392 352
1117353 31744
44702435 1149097
314 3
5400 317
228449 5717
1779133 234166
45851532 2013299
317 2
13575 319
538412 13894
47864831 552306
13 1
532 14
12246 546
1117353 12792
48417137 1130145
36110 512
1379029 36622
49547282 1415651
764 20
34771 784
440698 35555
50962933 476253
168 7
6189 175
234166 6364
51439186 240530
5717 4
356654 5721
51679716 362375
219 25
11727 244
302040 11971
52042091 314011
42 4
465 46
1206098 511
52356102 1206609
152 3
4775 155
140076 4930
53562711 145006
33 3
596 36
6364 632
302040 6996
53707717 309036
36 1
3550 37
228449 3587
54016753 232036
465 10
18296 475
2013299 18771
54248789 2032070
46 2
4241 48
296800 4289
56280859 301089
319 2
34771 321
781674 35092
56581948 816766
632 4
10828 636
118156 11464
57398714 129620
42 3
18771 45
244298 18816
57528334 263114
42 1
34771 43
1149097 34814
57791448 1183911
3241 23
283627 3264
58975359 286891
14913 130
572588 15043
59262250 587631
48 5
4994 53
393631 5047
59849881 398678
164 3
784 167
9264 951
244298 10215
60248559 254513
1777 22
21213 1799
317657 23012
60503072 340669
48 4
636 52
12792 688
103966 13480
60843741 117446
208 8
15077 216
365747 15293
60961187 381040
40 1
951 41
8192 992
1379029 9184
61342227 1388213
219 8
5400 227
62730440 5627
588 1
667499 589
62736067 668088
84 4
3371 88
382448 3459
63404155 385907
25 1
2003 26
23461 2029
63790062 25490
1054 11
16701 1065
63815552 17766
5240 33
538412 5273
63833318 543685
2226 20
145264 2246
64377003 147510
10337 52
365747 10389
64524513 376136
546 11
29166 557
64900649 29723
433 14
8192 447
244298 8639
64930372 252937
3046 1
47837 3047
1042755 50884
65183309 1093639
2636 27
572588 2663
66276948 575251
465 2
19651 467
615413 20118
66852199 635531
334 11
21213 345
317657 21558
67487730 339215
12246 511
972723 12757
67826945 985480
447 7
12246 454
194660 12700
68812425 207360
227 2
7655 229
118156 7884
69019785 126040
196 3
3587 199
147510 3786
69145825 151296
4628 53
719852 4681
69297121 724533
2733 160
147510 2893
70021654 150403
185 2
6364 187
724533 6551
70172057 731084
4289 136
129620 4425
70903141 134045
138 3
23155 141
897491 23296
71037186 920787
56 2
784 58
9264 842
173632 10106
71957973 183738
147 2
6189 149
74598 6338
2205279 80936
72141711 2286215
394 25
8639 419
173632 9058
1779133 182690
74427926 1961823
352 27
18816 379
317657 19195
76389749 336852
3587 141
641535 3728
76726601 645263
419 1
10828 420
615413 11248
77371864 626661
229 13
6551 242
1379029 6793
77998525 1385822
379 11
47438 390
1247608 47828
79384347 1295436
1799 20
426146 1819
80679783 427965
3728 23
36622 3751
3825807 40373
81107748 3866180
348 2
8639 350
317657 8989
84973928 326646
149 1
3898 150
80936 4048
85300574 84984
61 1
4681 62
89959 4743
85385558 94702
168 4
6364 172
340669 6536
85480260 347205
1443 45
476253 1488
85827465 477741
1942 25
23461 1967
1961823 25428
86305206 1987251
420 7
12792 427
758213 13219
88292457 771432
1488 8
32768 1496
440698 34264
89063889 474962
70 2
7884 72
207360 7956
89538851 215316
97 9
842 106
36622 948
1247608 37570
89754167 1285178
6364 130
897491 6494
91039345 903985
260 14
17766 274
1577500 18040
91943330 1595540
56 1
842 57
23461 899
503641 24360
93538870 528001
194660 2090
94066871 196750
390 2
12246 392
670545 12638
94263621 683183
10106 40
615413 10146
94946804 625559
764 17
9264 781
326646 10045
95572363 336691
5400 150
56008 5550
1595540 61558
95909054 1657098
447 1
15293 448
1295436 15741
97566152 1311177
764 1
23461 765
98877329 24226
187 3
12792 190
98901555 12982
1073 107
118156 1180
1779133 119336
98914537 1898469
17 1
1397 18
296800 1415
100813006 298215
216 1
2350 217
399112 2567
101111221 401679
2733 88
244298 2821
101512900 247119
190 2
1496 192
207360 1688
101760019 209048
244 8
17766 252
477741 18018
101969067 495759
3751 14
56008 3765
102464826 59773
274 7
13575 281
822927 13856
102524599 836783
765 11
150403 776
103361382 151179
1184 2
47837 1186
1042755 49023
103512561 1091778
107 3
1496 110
26816 1606
1595540 28422
104604339 1623962
229 1
14190 230
836783 14420
106228301 851203
208 3
477741 211
107079504 477952
379 4
10389 383
1415651 10772
107557456 1426423
33 2
2350 35
771432 2385
108983879 773817
334 2
18296 336
1311510 18632
109757696 1330142
3466 24
84984 3490
111087838 88474
4048 14
347205 4062
111176312 351267
383 3
24360 386
587631 24746
2445291 612377
111527579 3057668
688 6
55305 694
114585247 55999
3550 12
719852 3562
114641246 723414
97 1
2931 98
528001 3029
115364660 531030
98 6
1186 104
252937 1290
115895690 254227
3490 8
240530 3498
116149917 244028
1206609 1443
116393945 1208052
1606 57
101626 1663
117601997 103289
88 1
6551 89
184323 6640
117705286 190963
72 3
2931 75
80936 3006
117896249 83942
51064 35
2032070 51099
117980191 2083169
61558 22
3091373 61580
120063360 3152953
4289 64
538412 4353
123216313 542765
512 19
317657 531
123759078 318188
48 3
842 51
36622 893
1475351 37515
124077266 1512866
30 1
1967 31
94702 1998
3866180 96700
125590132 3962880
467 6
25787 473
1042755 26260
129553012 1069015
75 4
1186 79
552306 1265
130622027 553571
596 23
434694 619
131175598 435313
91 2
6364 93
1426423 6457
131610911 1432880
89 1
3786 90
427965 3876
133043791 431841
16445 64
781674 16509
133475632 798183
115 1
4437 116
74598 4553
134273815 79151
448 4
24746 452
1779133 25198
134352966 1804331
352 9
24746 361
683183 25107
136157297 708290
475 33
194660 508
136865587 195168
3587 90
538412 3677
137060755 542089
324 6
47837 330
2205279 48167
137602844 2253446
3898 84
683183 3982
139856290 687165
58 1
8639 59
575251 8698
140543455 583949
84 1
6004 85
119336 6089
141127404 125425
386 3
54614 389
141252829 55003
1819 28
572588 1847
141307832 574435
244298 19
141882267 244317
1339 4
254513 1343
142126584 255856
596 8
572588 604
142382440 573192
6189 19
151296 6208
142955632 157504
356654 6
2445291 356660
143113136 2801951
1349 2
612377 1351
145915087 613728
18816 199
146528815 19015
289 3
19651 292
146547830 19943
107 1
6996 108
2013299 7104
146567773 2020403
1355 15
302040 1370
148588176 303410
7104 164
318188 7268
2445291 325456
148891586 2770747
667499 24
151662333 667523
2060 29
215316 2089
152329856 217405
64 1
4553 65
163343 4618
152547261 167961
3047 14
135358 3061
152715222 138419
11727 84
1117353 11811
152853641 1129164
175 2
23461 177
1779133 23638
153982805 1802771
899 46
583949 945
155785576 584894
230 4
26260 234
2032070 26494
156370470 2058564
1496 15
51099 1511
1657098 52610
158429034 1709708
14659 5
687165 14664
160138742 701829
3264 23
626661 3287
160840571 629948
3728 11
985480 3739
161470519 989219
4743 16
403578 4759
162459738 408337
512 4
20118 516
503641 20634
162868075 524275
93 2
15077 95
1311510 15172
163392350 1326682
893 5
583949 898
164719032 584847
118 1
10828 119
798183 10947
165303879 809130
307 2
36622 309
989219 36931
166113009 1026150
98 1
701829 99
167139159 701928
1032 15
129620 1047
167841087 130667
1315 5
32768 1320
1208052 34088
167971754 1242140
589 4
145264 593
169213894 145857
110 3
5721 113
340669 5834
169359751 346503
79 1
1851 80
173632 1931
3962880 175563
169706254 4138443
99 3
15741 102
1042755 15843
173844697 1058598
636 41
340669 677
174903295 341346
3587 15
247119 3602
2801951 250721
175244641 3052672
3006 15
382448 3021
178297313 385469
10045 37
103966 10082
2083169 114048
178682782 2197217
532 10
29166 542
989219 29708
180879999 1018927
20118 352
734929 20470
181898926 755399
102 1
2385 103
435313 2488
182654325 437801
13480 61
1550684 13541
183092126 1564225
2821 61
427965 2882
3152953 430847
184656351 3583800
454 2
94702 456
188240151 95158
2663 33
626661 2696
188335309 629357
131 1
5400 132
587631 5532
188964666 593163
119 5
34264 124
189557829 34388
155 1
5834 156
1117353 5990
189592217 1123343
132 1
52610 133
2445291 52743
190715560 2498034
8639 20
103966 8659
193213594 112625
99 2
71680 101
193326219 71781
244317 16
193398000 244333
992 26
51099 1018
193642333 52117
1320 5
88598 1325
3152953 89923
193694450 3242876
281 5
8192 286
1058598 8478
196937326 1067076
75 2
7655 77
798183 7732
198004402 805915
6996 18
1388213 7014
198810317 1395227
89959 842
200205544 90801
394 14
15293 408
2373611 15701
200296345 2389312
15172 18
1452196 15190
202685657 1467386
1186 43
435313 1229
204153043 436542
244 3
21558 247
989219 21805
204589585 1011024
138 2
19943 140
1149097 20083
205600609 1169180
8478 75
670545 8553
206769789 679098
6208 118
701928 6326
207448887 708254
1186 4
268968 1190
208157141 270158
516 12
130667 528
208427299 131195
6457 5
103966 6462
208558494 110428
16509 141
1247608 16650
208668922 1264258
6089 31
836783 6120
209933180 842903
448 2
365747 450
210776083 366197
4096 70
809130 4166
211142280 813296
128 1
3061 129
119336 3190
211955576 122526
14007 177
477952 14184
212078102 492136
394 4
23638 398
1987251 24036
212570238 2011287
1397 15
119336 1412
214581525 120748
192 2
10947 194
270158 11141
214702273 281299
15293 274
1130145 15567
214983572 1145712
2226 15
42825 2241
1657098 45066
216129284 1702164
1511 2
351267 1513
217831448 352780
75 1
8553 76
1452196 8629
218184228 1460825
5400 45
477952 5445
219645053 483397
70 1
8478 71
554705 8549
220128450 563254
10389 190
1330142 10579
220691704 1340721
59 1
15741 60
1595540 15801
222032425 1611341
24360 242
2498034 24602
223643766 2522636
16701 348
3825807 17049
226166402 3842856
99 1
195168 100
230009258 195268
1058598 26
230204526 1058624
187 1
32768 188
1475351 32956
231263150 1508307
765 6
1512866 771
232771457 1513637
1819 18
719852 1837
4197573 721689
234285094 4919262
15293 113
593163 15406
239204356 608569
114048 2246
239812925 116294
7956 206
2058564 8162
239929219 2066726
53 2
23012 55
1513637 23067
241995945 1536704
21558 60
1340721 21618
243532649 1362339
219 7
14190 226
1208052 14416
244894988 1222468
4425 3
897491 4428
246117456 901919
6120 30
270158 6150
6002493 276308
247019375 6278801
5721 103
255856 5824
253298176 261680
321 1
16701 322
1657098 17023
253559856 1674121
48 1
6004 49
554705 6053
255233977 560758
5550 4
151296 5554
255794735 156850
3677 2
903985 3679
255951585 907664
24746 20
870365 24766
256859249 895131
1513 2
26816 1515
2445291 28331
257754380 2473622
4775 32
477952 4807
260228002 482759
1688 60
1264258 1748
260710761 1266006
19015 89
1623962 19104
261976767 1643066
604 5
41510 609
2389312 42119
263619833 2431431
2003 6
147510 2009
266051264 149519
110428 152
2801951 110580
266200783 2912531
398 3
15843 401
1961823 16244
269113314 1978067
3786 48
74598 3834
2522636 78432
271091381 2601068
1663 3
196750 1666
273692449 198416
408 3
870365 411
273890865 870776
2610 15
629948 2625
274761641 632573
1847 1
584894 1848
275394214 586742
1073 36
836783 1109
275980956 837892
5273 28
184323 5301
276818848 189624
951 25
26816 976
926657 27792
277008472 954449
3562 17
255856 3579
6931543 259435
277962921 7190978
1073 19
240530 1092
285153899 241622
1418 7
207360 1425
285395521 208785
6494 32
217405 6526
285604306 223931
3287 62
1042755 3349
285828237 1046104
2009 4
42825 2013
286874341 44838
80 3
10579 83
440698 10662
4197573 451360
286919179 4648933
7268 24
1058624 7292
291568112 1065916
2350 7
244333 2357
292634028 246690
301089 99
292880718 301188
2821 14
851203 2835
293181906 854038
703 4
298215 707
294035944 298922
19195 27
1987251 19222
294334866 2006473
1065 7
80936 1072
2083169 82008
296341339 2165177
80 1
2601068 81
298506516 2601149
1748 13
265511 1761
301107665 267272
784 43
261680 827
4919262 262507
301374937 5181769
15701 5
2389312 15706
306556706 2405018
21012 102
1183911 21114
308961724 1205025
1024 2
721689 1026
310166749 722715
1851 70
773817 1921
310889464 775738
3498 23
103966 3521
311665202 107487
433 13
103966 446
311772689 104412
126040 26
311877101 126066
234 6
8698 240
503641 8938
312003167 512579
93 1
16701 94
2205279 16795
312515746 2222074
55003 1
314737820 55004
68947 252
1804331 69199
314792824 1873530
4289 28
158906 4317
316666354 163223
286891 206
316829577 287097
12246 64
451360 12310
317116674 463670
5721 58
217405 5779
317580344 223184
2385 93
56008 2478
317803528 58486
110 1
13894 111
1674121 14005
317862014 1688126
276308 1032
319550140 277340
336691 46
319827480 336737
4437 97
463670 4534
320164217 468204
1123343 771
320632421 1124114
5400 2
1340721 5402
321756535 1346123
15801 31
870776 15832
323102658 886608
3602 13
724533 3615
323989266 728148
20 1
992 21
88598 1013
324717414 89611
5089 107
1011024 5196
324807025 1016220
352 1
346503 353
325823245 346856
992 14
58486 1006
2083169 59492
326170101 2142661
7732 100
366197 7832
328312762 374029
211 3
13219 214
1987251 13433
328686791 2000684
5779 28
326646 5807
3242876 332453
330687475 3575329
1606 32
3575329 1638
334262804 3576967
2567 2
451360 2569
337839771 453929
516 7
9264 523
1873530 9787
338293700 1883317
6640 46
483397 6686
340177017 490083
156 1
12792 157
1266006 12949
340667100 1278955
6189 3
1426423 6192
341946055 1432615
475 28
130667 503
343378670 131170
295 3
612377 298
343509840 612675
36622 20
1804331 36642
344122515 1840973
596 4
42119 600
345963488 42719
14589 55
1709708 14644
346006207 1724352
7956 89
1028283 8045
347730559 1036328
731 22
71781 753
348766887 72534
15172 7
1804331 15179
348839421 1819510
827 7
74598 834
3866180 75432
350658931 3941612
256 2
9264 258
972723 9522
354600543 982245
164 2
20118 166
3152953 20284
355582788 3173237
1638 2
283627 1640
358756025 285267
7292 56
798183 7348
359041292 805531
177 1
18296 178
1222468 18474
359846823 1240942
77 1
10579 78
1130145 10657
361087765 1140802
124 2
67584 126
362228567 67710
1606 5
135358 1611
362296277 136969
636 23
182690 659
362433246 183349
2385 52
277340 2437
362616595 279777
3739 3
309036 3742
362896372 312778
7104 17
1069015 7121
363209150 1076136
4553 19
96700 4572
364285286 101272
1611 12
1330142 1623
364386558 1331765
475 1
1042755 476
365718323 1043231
227853 65
366761554 227918
784 37
59773 821
366989472 60594
2625 7
247119 2632
367050066 249751
401 2
27792 403
2445291 28195
367299817 2473486
4553 10
615413 4563
369773303 619976
476 8
301188 484
370393279 301672
403 2
524275 405
370694951 524680
5301 62
554705 5363
371219631 560068
784 10
217405 794
371779699 218199
7121 145
670545 7266
371997898 677811
408 2
21805 410
3091373 22215
372675709 3113588
13575 160
687165 13735
375789297 700900
731 14
116294 745
376490197 117039
467 4
58486 471
376607236 58957
4166 48
140076 4214
376666193 144290
1029 1
49023 1030
2522636 50053
376810483 2572689
37 1
2835 38
440698 2873
379383172 443571
1190 6
408337 1196
379826743 409533
8553 11
926657 8564
380236276 935221
22215 15
381171497 22230
1748 10
679098 1758
381193727 680856
175563 6120
381874583 181683
2663 13
897491 2676
382056266 900167
2676 17
303410 2693
3242876 306103
382956433 3548979
13894 45
1311510 13939
386505412 1325449
433 5
25787 438
387830861 26225
4437 30
1069015 4467
387857086 1073482
4807 89
1266006 4896
388930568 1270902
2437 10
437801 2447
390201470 440248
16244 14
1093639 16258
390641718 1109897
3006 1
1046104 3007
391751615 1049111
2090 110
277340 2200
4197573 279540
392800726 4477113
4467 24
687165 4491
397277839 691656
1443 9
309036 1452
397969495 310488
4775 22
4477113 4797
398279983 4481910
899 37
680856 936
402761893 681792
707 8
112625 715
403443685 113340
516 3
409533 519
403557025 410052
2488 40
270158 2528
403967077 272686
589 3
145857 592
404239763 146449
50053 274
8509043 50327
404386212 8559370
484 1
247119 485
412945582 247604
46 1
842 47
31744 889
413193186 32633
361 17
55305 378
413225819 55683
2733 65
1331765 2798
413281502 1334563
3061 14
708290 3075
414616065 711365
163223 7
4919262 163230
415327430 5082492
3371 77
758213 3448
420409922 761661
485 17
149519 502
421171583 150021
1016220 2200
421321604 1018420
7447 94
593163 7541
422340024 600704
1851 61
114048 1912
2601149 115960
422940728 2717109
1109 68
314286 1177
425657837 315463
7121 88
1169180 7209
425973300 1176389
181683 61
427149689 181744
3371 55
158906 3426
427331433 162332
84984 3
427493765 84987
256 1
612377 257
427578752 612634
1777 6
1550684 1783
428191386 1552467
1346123 2676
429743853 1348799
1515 48
341346 1563
431092652 342909
1748 3
1242140 1751
431435561 1243891
1688 23
426146 1711
432679452 427857
72 1
11464 73
935221 11537
433107309 946758
324 2
145857 326
434054067 146183
9058 52
1093639 9110
434200250 1102749
152 1
12982 153
3057668 13135
435302999 3070803
33 1
3786 34
1285178 3820
438373802 1288998
1783 14
538412 1797
439662800 540209
519 1
209048 520
440203009 209568
274 4
51099 278
2601149 51377
440412577 2652526
8698 178
503641 8876
443065103 512517
2090 106
453929 2196
443577620 456125
3264 2
456125 3266
444033745 459391
3834 1
2222074 3835
444493136 2225909
6640 42
2498034 6682
446719045 2504716
1047 5
189624 1052
449223761 190676
3075 49
459391 3124
449414437 462515
8989 35
4648933 9024
449876952 4657957
433 3
46066 436
454534909 46502
1819 7
563254 1826
454581411 565080
16384 37
455146491 16421
326 1
89959 327
455162912 90286
951 15
1362339 966
455253198 1363305
2226 4
907664 2230
456616503 909894
4896 3
234166 4899
3583800 239065
457526397 3822865
310 2
26816 312
1898469 27128
461349262 1925597
2241 4
459391 2245
463274859 461636
976 8
653193 984
463736495 654177
16421 9
2504716 16430
464390672 2521146
47837 90
466911818 47927
2060 19
158906 2079
466959745 160985
827 4
583949 831
467120730 584780
899 14
83942 913
467705510 84855
101626 389
4481910 102015
467790365 4583925
366197 317
472374290 366514
53 1
1851 54
287097 1905
472740804 289002
2528 5
122526 2533
473029806 125059
6686 17
366514 6703
473154865 373217
10106 11
512579 10117
473528082 522696
91 1
2246 92
37570 2338
474050778 39908
330 2
456125 332
474090686 456457
436 1
125425 437
474547143 125862
270158 913
474673005 271071
677 6
1674121 683
474944076 1674804
44838 43
2601149 44881
476618880 2646030
119 4
12310 123
1779133 12433
479264910 1791566
1452 11
393631 1463
481056476 395094
3426 14
842903 3440
481451570 846343
6338 10
854038 6348
482297913 860386
4096 53
1898469 4149
483158299 1902618
2488 8
687165 2496
485060917 689661
42119 60
485750578 42179
8045 116
2142661 8161
485792757 2150822
5834 98
1028283 5932
487943579 1034215
430847 842
488977794 431689
249751 178
489409483 249929
3786 31
654177 3817
489659412 657994
21213 54
490317406 21267
15567 57
1432880 15624
490338673 1448504
1643066 216
491787177 1643282
842 4
29723 846
493430459 30569
438 3
195268 441
493461028 195709
1054 5
1205025 1059
493656737 1206084
18296 68
1513637 18364
494862821 1532001
2893 9
104412 2902
496394822 107314
4317 24
387442 4341
496502136 391783
9264 183
860386 9447
496893919 869833
1013 2
1264258 1015
497763752 1265273
3982 9
646624 3991
499029025 650615
254513 1320
499679640 255833
227 1
19222 228
1183911 19450
499935473 1203361
1117353 110
501138834 1117463
831 2
184323 833
502256297 185156
7121 32
1130145 7153
502441453 1137298
5932 38
946758 5970
503578751 952728
6551 84
512579 6635
504531479 519214
636 3
218199 639
505050693 218838
260 8
75432 268
505269531 75700
68944 1
505345231 68945
1229 28
1145712 1257
505414176 1146969
1563 25
593163 1588
506561145 594751
745 2
1460825 747
507155896 1461572
846 12
972723 858
508617468 973581
1783 10
1046104 1793
509591049 1047897
16701 12
2083169 16713
510638946 2099882
2357 23
342909 2380
5181769 345289
512738828 5527058
1109 23
283627 1132
518265886 284759
437801 1229
518550645 439030
1013 1
198416 1014
518989675 199430
1196 1
42825 1197
519189105 44022
254513 420
519233127 254933
5089 68
1278955 5157
519488060 1284112
11141 97
1183911 11238
520772172 1195149
794 1
315463 795
521967321 316258
178 3
317657 181
522283579 317838
677 2
543685 679
522601417 544364
26816 91
1475351 26907
523145781 1502258
234 1
680856 235
524648039 681091
8478 6
1595540 8484
525329130 1604024
795 10
366514 805
526933154 367319
1563 4
151296 1567
527300473 152863
707 6
316258 713
527453336 316971
1942 23
169734 1965
527770307 171699
1640 22
683183 1662
527942006 684845
1047897 707
528626851 1048604
639 16
1076136 655
529675455 1076791
201 2
17766 203
734929 17969
530752246 752898
15843 330
1925597 16173
531505144 1941770
1688 7
52743 1695
533446914 54438
5990 12
635531 6002
533501352 641533
5301 58
761661 5359
534142885 767020
781 2
215316 783
534909905 216099
5554 31
443571 5585
535126004 449156
1197 7
632573 1204
535575160 633777
7884 46
544364 7930
536208937 552294
52117 145
536761231 52262
485 13
2572689 498
536813493 2573187
946758 53
539386680 946811
966 2
287097 968
540333491 288065
1204 13
69199 1217
540621556 70416
2357 2
1036328 2359
540691972 1038687
133 2
6793 135
926657 6928
541730659 933585
834 3
594751 837
542664244 595588
3124 40
483397 3164
543259832 486561
1452 8
679098 1460
543746393 680558
1463 8
1102749 1471
544426951 1104220
4096 30
1643282 4126
545531171 1647408
124 1
14420 125
547178579 14545
6494 6
468204 6500
547193124 474704
223931 419
547667828 224350
1588 13
752898 1601
547892178 754499
557 19
1026150 576
548646677 1026726
1092 4
61580 1096
2652526 62676
549673403 2715202
2359 15
1018927 2374
552388605 1021301
4062 26
837892 4088
553409906 841980
2060 3
909894 2063
554251886 911957
7732 23
2205279 7755
555163843 2213034
2063 15
897491 2078
557376877 899569
15406 138
1902618 15544
558276446 1918162
239065 124
560194608 239189
6551 15
2389312 6566
560433797 2395878
707 2
52743 709
1724352 53452
562829675 1777804
35555 155
3866180 35710
564607479 3901890
619 3
728148 622
568509369 728770
49 1
3371 50
615413 3421
569238139 618834
784 5
691656 789
569856973 692445
450 1
544364 451
570549418 544815
390 1
41510 391
571094233 41901
1826 7
571136134 1833
4534 12
571137967 4546
4096 18
2286215 4114
571142513 2290329
2488 1
646624 2489
573432842 649113
7755 76
870776 7831
574081955 878607
2374 5
1049111 2379
574960562 1051490
5554 3
565080 5557
576012052 570637
218838 753
3242876 219591
576582689 3462467
1397 6
271071 1403
580045156 272474
268 2
126066 270
580317630 126336
2090 5
332453 2095
580443966 334548
821 1
163343 822
580778514 164165
1666 8
809130 1674
580942679 810804
776 4
1021301 780
581753483 1022081
11811 69
1076791 11880
582775564 1088671
3007 3
1208052 3010
583864235 1211062
765 2
265511 767
585075297 266278
317657 61
585341575 317718
2733 31
199430 2764
585659293 202194
244028 119
585861487 244147
1290 13
104412 1303
586105634 105715
8698 37
2066726 8735
586211349 2075461
1065 4
391783 1069
588286810 392852
5196 15
816766 5211
588679662 821977
8192 37
657994 8229
589501639 666223
14913 84
954449 14997
590167862 969446
1432880 3562
591137308 1436442
8484 35
4188349 8519
592573750 4196868
722715 104
596770618 722819
1204 11
387442 1215
597493437 388657
1073 6
683183 1079
597882094 684262
43 1
46066 44
4481910 46110
598566356 4528020
12792 135
2601149 12927
603094376 2614076
2447 30
1467386 2477
605708452 1469863
3991 24
495759 4015
607178315 499774
1096 3
453929 1099
607678089 455028
5089 11
1779133 5100
608133117 1784233
353 5
969446 358
609917350 969804
145006 49
610887154 145055
4994 23
512579 5017
611032209 517596
1851 39
1130145 1890
611549805 1132035
3371 20
1028283 3391
612681840 1031674
21012 71
613713514 21083
7755 65
692445 7820
613734597 700265
1018 5
1049111 1023
614434862 1050134
260 2
11971 262
615484996 12233
7292 52
5082492 7344
615497229 5089836
639 4
1611341 643
620587065 1611984
3124 24
443571 3148
622199049 446719
899 3
687165 902
622645768 688067
7655 71
1925597 7726
623333835 1933323
366514 391
625267158 366905
4572 6
468204 4578
625634063 472782
398 1
35710 399
2099882 36109
626106845 2135991
9264 33
2099882 9297
628242836 2109179
5196 14
1195149 5210
630352015 1200359
19450 104
631552374 19554
6566 7
911957 6573
631571928 918530
347205 164
632490458 347369
358 2
117446 360
632837827 117806
8229 136
1902618 8365
632955633 1910983
306103 38
634866616 306141
168 3
316258 171
635172757 316429
747 5
435313 752
635489186 436065
62 1
6928 63
1611984 6991
635925251 1618975
16258 65
2652526 16323
637544226 2668849
16650 16
734929 16666
640213075 751595
3982 4
1069015 3986
640964670 1073001
5047 19
1724352 5066
642037671 1729418
183 1
17766 184
1222468 17950
643767089 1240418
7447 54
2431431 7501
645007507 2438932
2029 16
2290329 2045
647446439 2292374
18040 119
1395227 18159
649738813 1413386
75700 383
2292374 76083
651152199 2368457
3991 3
140076 3994
653520656 144070
753 3
131195 756
653664726 131951
160985 5
653796677 160990
4628 49
1195149 4677
653957667 1199826
21618 64
2522636 21682
655157493 2544318
20634 111
2522636 20745
657701811 2543381
153 1
18816 154
989219 18970
660245192 1008189
3124 21
152863 3145
4657957 156008
661253381 4813965
554705 622
666067346 555327
20284 71
2032070 20355
666622673 2052425
379 1
114048 380
668675098 114428
1588 5
138419 1593
668789526 140012
6208 45
1149097 6253
668929538 1155350
6053 25
1093639 6078
670084888 1099717
5721 6
1941770 5727
671184605 1947497
5627 21
798183 5648
673132102 803831
1340721 1215
673935933 1341936
1047 4
436542 1051
675277869 437593
168 1
543685 169
675715462 543854
2380 2
2197217 2382
676259316 2199599
12433 138
6304533 12571
678458915 6317104
6682 2
1211062 6684
684776019 1217746
2385 11
1388213 2396
685993765 1390609
643 10
136969 653
687384374 137622
1851 24
122526 1875
687521996 124401
12638 61
1987251 12699
687646397 1999950
1515 44
1247608 1559
689646347 1249167
13575 75
1709708 13650
690895514 1723358
1132 34
684845 1166
692618872 686011
19015 65
693304883 19080
7447 35
1536704 7482
693323963 1544186
6364 79
575251 6443
694868149 581694
4930 36
1618975 4966
695449843 1623941
694 2
1140802 696
697073784 1141498
1330142 61
698215282 1330203
6208 17
1311510 6225
699545485 1317735
795 6
61580 801
700863220 62381
1840973 10828
700925601 1851801
258 1
60594 259
702777402 60853
125059 61
702838255 125120
5240 26
1104220 5266
702963375 1109486
1403 5
107487 1408
704072861 108895
1711 27
56008 1738
3242876 57746
704181756 3300622
403 1
40373 404
2717109 40777
707482378 2757886
5807 6
954449 5813
710240264 960262
4681 16
202194 4697
711200526 206891
3615 56
234166 3671
711407417 237837
8564 13
781674 8577
711645254 790251
485 3
82008 488
712435505 82496
6089 14
712518001 6103
7541 6
2757886 7547
712524104 2765433
160 3
26907 163
3113588 27070
715289537 3140658
2095 80
1028283 2175
718430195 1030458
1229 3
528001 1232
719460653 529233
951 6
239189 957
719989886 240146
2569 7
1124114 2576
720230032 1126690
1640 9
1067076 1649
721356722 1068725
7121 7
1295436 7128
722425447 1302564
336 3
1073001 339
723728011 1073340
298 3
476253 301
724801351 476554
334 1
339215 335
725277905 339550
418491 289
725617455 418780
3287 50
84987 3337
726036235 88324
1567 11
185156 1578
726124559 186734
431841 834
726311293 432675
2396 20
973581 2416
726743968 975997
3075 31
1058624 3106
727719965 1061730
1793 2
886608 1795
728781695 888403
7447 19
1883317 7466
729670098 1890783
1032 1
167961 1033
731560881 168994
4467 22
1317735 4489
731729875 1322224
85 1
2246 86
519214 2332
733052099 521546
181 1
28422 182
733573645 28604
5157 26
888403 5183
733602249 893586
1471 16
382448 1487
734495835 383935
992 3
56008 995
734879770 57003
95158 360
734936773 95518
1069 1
309036 1070
735032291 310106
805 10
82496 815
735342397 83311
10828 4
1348799 10832
735425708 1359631
957 5
1532001 962
736785339 1532963
4428 7
600704 4435
738318302 605139
2533 9
708290 2542
738923441 710832
278 2
40373 280
739634273 40653
15843 190
1513637 16033
739674926 1529670
731 12
254933 743
741204596 255676
1623 6
196750 1629
741460272 198379
1593 5
356660 1598
741658651 358258
16258 59
742016909 16317
3994 2
935221 3996
742033226 939217
1033 3
70416 1036
742972443 71452
722819 208
743043895 723027
361 1
117039 362
743766922 117401
576 9
79151 585
2801951 79736
743884323 2881687
3679 9
1544186 3688
746766010 1547874
512 1
237837 513
748313884 238350
962 2
120748 964
748552234 121712
1099 8
1331765 1107
748673946 1332872
3190 10
1643282 3200
750006818 1646482
1065 1
234166 1066
751653300 235232
431841 391
751888532 432232
467 1
524680 468
752320764 525148
11670 53
752845912 11723
4289 19
1508307 4308
752857635 1512615
206891 182
754370250 207073
296800 815
754577323 297615
1623 1
199430 1624
754874938 201054
62381 37
3583800 62418
755075992 3646218
133 1
439030 134
758722210 439164
659 5
552306 664
759161374 552970
9110 14
734929 9124
759714344 744053
3550 11
2020403 3561
760458397 2023964
542 1
1099717 543
762482361 1100260
842903 1799
763582621 844702
13894 11
1688126 13905
764427323 1702031
767 2
646624 769
766129354 647393
439030 77
766776747 439107
150403 77
767215854 150480
2696 6
84987 2702
3962880 87689
767366334 4050569
25787 38
2109179 25825
771416903 2135004
1967 28
440698 1995
773551907 442693
822 4
587631 826
773994600 588457
9297 101
1987251 9398
774583057 1996649
8735 28
1564225 8763
776579706 1572988
3898 56
657994 3954
778152694 661948
756 2
147510 758
778814642 148268
202194 2045
778962910 204239
715 1
74598 716
779167149 75314
32956 776
3962880 33732
779242463 3996612
2048 9
326646 2057
783239075 328703
1515 4
140076 1519
783567778 141595
178 2
17766 180
1395227 17946
783709373 1413173
310106 229
785122546 310335
6526 7
734929 6533
785432881 741462
557 3
1390609 560
786174343 1391169
3688 25
954449 3713
787565512 958162
1851 16
169734 1867
788523674 171601
2246 63
126336 2309
788695275 128645
968 5
356660 973
788823920 357633
113 1
10832 114
1395227 10946
789181553 1406173
4214 14
1618975 4228
790587726 1623203
145055 181
792210929 145236
560 13
96700 573
792356165 97273
41901 26
792453438 41927
17049 160
3583800 17209
792495365 3601009
4807 9
1270902 4816
796096374 1275718
4341 9
822927 4350
797372092 827277
6494 1
926657 6495
798199369 933152
1047 3
1195149 1050
799132521 1196199
7832 26
1577500 7858
800328720 1585358
73 1
30569 74
2614076 30643
801914078 2644719
3200 16
985480 3216
804558797 988696
8519 15
2652526 8534
805547493 2661060
5727 41
744053 5768
808208553 749821
2764 21
2222074 2785
808958374 2224859
811183233 68945
3765 18
410052 3783
811252178 413835
1666 5
1217746 1671
811666013 1219417
45066 902
1729418 45968
812885430 1775386
325456 420
814660816 325876
488 9
316971 497
814986692 317468
454 1
53452 455
815304160 53907
3164 1
805915 3165
815358067 809080
10662 12
2165177 10674
816167147 2175851
1036 1
3548979 1037
818342998 3550016
374029 889
821893014 374918
1559 3
318188 1562
822267932 319750
1088671 805
822587682 1089476
523 2
939217 525
823677158 939742
622 8
103289 630
824616900 103919
976 5
104412 981
824720819 105393
137622 389
824826212 138011
203 1
68608 204
824964223 68812
15801 18
4050569 15819
825033035 4066388
1432615 167
829099423 1432782
4048 7
2445291 4055
830532205 2449346
272686 92
832981551 272778
2447 12
2222074 2459
833254329 2224533
1452 1
376136 1453
835478862 377589
594751 485
835856451 595236
1519 37
1415651 1556
836451687 1417207
6573 57
2573187 6630
837868894 2579817
268968 1069
840448711 270037
1890 11
714605 1901
840718748 716506
5273 24
2544318 5297
841435254 2549615
235 1
11971 236
989219 12207
843984869 1001426
5932 2
1564225 5934
844986295 1570159
40777 408
5181769 41185
846556454 5222954
79736 307
851779408 80043
2696 1
1391169 2697
851859451 1393866
10146 67
1076791 10213
853253317 1087004
1070 1
600704 1071
854340321 601775
643 9
560068 652
854942096 560720
327 1
87689 328
855502816 88017
5047 1
2058564 5048
855590833 2063612
4015 27
1918162 4042
857654445 1922204
456457 1132
859576649 457589
3898 41
289002 3939
860034238 292941
1711 12
2449346 1723
860327179 2451069
2576 30
1978067 2606
862778248 1980673
801 2
716506 803
864758921 717309
5157 5
2013299 5162
865476230 2018461
4241 43
1311510 4284
867494691 1315794
48167 54
2912531 48221
868810485 2960752
7153 26
1883317 7179
871771237 1890496
613728 29
873661733 613757
4697 29
595588 4726
874275490 600314
476 5
619976 481
874875804 620457
1146969 177
875496261 1147146
401 1
836783 402
876643407 837185
5445 71
1475351 5516
877480592 1480867
317 1
653193 318
878961459 653511
1037 5
645263 1042
879614970 646305
25490 166
880261275 25656
1266006 593
880286931 1266599
1611 5
244333 1616
881553530 245949
6150 17
1804331 6167
881799479 1810498
362 11
164165 373
4197573 164538
883609977 4362111
21805 361
2109179 22166
887972088 2131345
485 2
71781 487
890103433 72268
102015 153
890175701 102168
80043 182
4919262 80225
890277869 4999487
182690 455
895277356 183145
749821 60
895460501 749881
933585 389
896210382 933974
301 4
1104220 305
897144356 1104525
773817 81
898248881 773898
138 1
723414 139
899022779 723553
65 1
4353 66
1051490 4419
899746332 1055909
1180 1
303410 1181
900802241 304591
7884 9
878607 7893
901106832 886500
858 23
49023 881
901993332 49904
1875 11
1089476 1886
902043236 1091362
499774 2676
903134598 502450
1508307 596
903637048 1508903
805 1
128645 806
905145951 129451
4353 11
1729418 4364
905275402 1733782
29166 40
907009184 29206
114428 659
907038390 115087
2542 21
292941 2563
907153477 295504
16033 53
1222468 16086
907448981 1238554
773817 2
908687535 773819
172 1
37570 173
2668849 37743
909461354 2706592
219 3
1065916 222
912167946 1066138
3835 15
1363305 3850
913234084 1367155
247604 1425
914601239 249029
1145712 528
914850268 1146240
576 1
118156 577
915996508 118733
1933323 8161
916115241 1941484
386 2
954449 388
918056725 954837
10772 20
2522636 10792
919011562 2533428
4308 3
761661 4311
921544990 765972
12757 2
1709708 12759
922310962 1722467
758 3
271071 761
924033429 271832
1265 20
1275718 1285
924305261 1277003
4166 47
2013299 4213
925582264 2017512
239189 44
927599776 239233
1145712 8
927839009 1145720
3426 8
654177 3434
928984729 657611
1567 10
670545 1577
929642340 672122
1034215 1738
930314462 1035953
224350 2488
931350415 226838
430847 49
931577253 430896
1629 6
605139 1635
932008149 606774
262 4
24766 266
932614923 25032
5834 48
989219 5882
932639955 995101
933635056 443571
5532 11
2032070 5543
934078627 2037613
446719 53
936116240 446772
83311 468
2960752 83779
936563012 3044531
577 7
1066138 584
939607543 1066722
439164 709
940674265 439873
4015 24
1585358 4039
941114138 1589397
502450 216
942703535 502666
1559 2
1547874 1561
943206201 1549435
314 1
171699 315
944755636 172014
1761 12
575251 1773
944927650 577024
1018420 70
945504674 1018490
16317 3
3300622 16320
946523164 3316942
214 1
14664 215
2717109 14879
949840106 2731988
6002 1
1925597 6003
952572094 1931600
1076791 1033
954503694 1077824
7268 17
1840973 7285
955581518 1848258
6120 24
870776 6144
957429776 876920
14007 132
2668849 14139
958306696 2682988
1265 15
65742 1280
960989684 67022
2478 6
2037613 2484
961056706 2040097
2733 26
672122 2759
963096803 674881
902 8
595588 910
963771684 596498
164165 30
964368182 164195
5445 15
1475351 5460
964532377 1480811
1205025 222
966013188 1205247
5183 11
975997 5194
967218435 981191
102015 54
968199626 102069
7755 23
1222468 7778
968301695 1230246
119336 182
969531941 119518
4166 36
734929 4202
969651459 739131
1132 29
895131 1161
970390590 896292
15293 62
3941612 15355
971286882 3956967
10389 167
2405018 10556
975243849 2415574
1026726 217
977659423 1026943
1374 12
1087004 1386
978686366 1088390
272778 93
979774756 272871
1980673 3786
980047627 1984459
2636 23
982032086 2659
3021 2
601775 3023
982034745 604798
28422 77
3462467 28499
982639543 3490966
913 18
209568 931
986130509 210499
2606 1
982245 2607
986341008 984852
420 2
844702 422
987325860 845124
858 6
2013299 864
988170984 2014163
86 1
37743 87
3601009 37830
990185147 3638839
2764 7
486561 2771
993823986 489332
3349 20
935221 3369
994313318 938590
1232 4
449156 1236
995251908 450392
2226 2
90801 2228
995702300 93029
383 1
97273 384
995795329 97657
3466 8
1475351 3474
995892986 1478825
413835 1593
997371811 415428
