10
4 70
49 36
43 89
86 81
100 55
30 9
41 63
38 21
83 5
89 49
52 57
16 62
5 83
17 82
83 88
3 92
67 28
81 76
52 57
52 88
62 62
27 57
20 6
38 11
66 85
13 20
3 35
98 11
70 58
32 75
43 94
90 21
93 54
61 31
89 6
43 72
62 75
49 58
55 50
39 57
85 9
59 30
53 84
41 72
40 25
97 22
41 71
46 16
63 59
45 13
20 27
12 3
11 54
56 4
74 40
11 80
45 54
85 91
7 30
3 22
18 83
68 10
95 95
41 98
58 29
24 7
67 5
35 18
41 44
85 82
22 55
100 22
52 76
57 72
7 99
88 98
57 80
30 10
84 87
44 41
16 26
31 41
54 64
5 86
90 91
25 54
11 97
70 71
54 99
86 95
71 88
17 50
73 26
17 48
10 61
28 30
75 43
32 6
63 88
69 95
22 50
40 34
61 76
82 99
8 52
66 86
5 77
40 19
92 47
14 10
51 30
73 4
30 44
57 24
24 45
70 98
45 96
20 18
72 44
93 4
40 48
5 27
97 71
82 41
38 56
25 29
85 84
95 11
65 64
70 14
52 32
28 20
41 86
72 59
52 69
77 23
79 34
43 48
68 38
37 37
23 94
98 35
39 53
45 52
29 43
39 89
54 98
76 17
77 32
64 72
18 90
39 4
25 61
91 84
83 2
7 22
73 46
60 86
12 66
49 23
86 54
49 96
99 44
41 32
51 48
71 66
90 92
27 32
54 27
33 18
1 42
24 0
66 31
91 84
3 15
65 6
23 34
98 41
58 32
2 63
16 25
51 84
10 57
16 21
79 98
18 95
17 36
62 33
97 55
13 66
38 65
26 85
79 62
5 89
5 40
15 100
26 40
17 67
97 18
5 83